kappa, group speed, phase speed
1,1.56528,3.13051
2,1.10689,2.21363
3,0.903858,1.80746
4,0.782873,1.56535
5,0.700348,1.40014
6,0.639467,1.2782
7,0.592185,1.18345
8,0.554103,1.10708
9,0.52259,1.04383
10,0.495959,0.990343
11,0.473076,0.944334
12,0.453142,0.904214
13,0.435581,0.868827
14,0.41996,0.837312
15,0.405953,0.809014
16,0.393303,0.783421
17,0.381809,0.760129
18,0.371308,0.738816
19,0.361669,0.719216
20,0.352782,0.701113
21,0.344558,0.684328
22,0.33692,0.668708
23,0.329806,0.654126
24,0.323159,0.640473
25,0.316934,0.627654
26,0.311089,0.61559
27,0.30559,0.604209
28,0.300406,0.593451
29,0.295509,0.583261
30,0.290875,0.573591
31,0.286484,0.5644
32,0.282317,0.555649
33,0.278356,0.547306
34,0.274587,0.53934
35,0.270996,0.531724
36,0.267571,0.524433
37,0.264301,0.517446
38,0.261175,0.510743
39,0.258185,0.504306
40,0.255322,0.498116
41,0.252578,0.492161
42,0.249947,0.486425
43,0.247422,0.480896
44,0.244998,0.475562
45,0.242668,0.470412
46,0.240427,0.465437
47,0.238272,0.460626
48,0.236197,0.455972
49,0.234199,0.451466
50,0.232274,0.447102
51,0.230418,0.442871
52,0.228628,0.438768
53,0.226902,0.434787
54,0.225235,0.430922
55,0.223627,0.427167
56,0.222073,0.423519
57,0.220572,0.419971
58,0.219122,0.416521
59,0.21772,0.413163
60,0.216365,0.409894
61,0.215054,0.406711
62,0.213787,0.403609
63,0.21256,0.400587
64,0.211374,0.397639
65,0.210225,0.394765
66,0.209114,0.39196
67,0.208038,0.389223
68,0.206997,0.386551
69,0.205988,0.383941
70,0.205012,0.381392
71,0.204067,0.378901
72,0.203151,0.376467
73,0.202264,0.374086
74,0.201405,0.371759
75,0.200574,0.369482
76,0.199768,0.367254
77,0.198988,0.365074
78,0.198233,0.362939
79,0.197501,0.36085
80,0.196793,0.358804
81,0.196107,0.356799
82,0.195443,0.354835
83,0.1948,0.352911
84,0.194178,0.351025
85,0.193576,0.349176
86,0.192993,0.347364
87,0.192429,0.345586
88,0.191884,0.343842
89,0.191356,0.342132
90,0.190847,0.340454
91,0.190354,0.338807
92,0.189877,0.337191
93,0.189417,0.335604
94,0.188972,0.334047
95,0.188543,0.332518
96,0.188129,0.331016
97,0.187729,0.32954
98,0.187344,0.328091
99,0.186973,0.326668
100,0.186615,0.325269
101,0.18627,0.323895
102,0.185938,0.322544
103,0.185619,0.321216
104,0.185312,0.319911
105,0.185018,0.318627
106,0.184735,0.317365
107,0.184463,0.316125
108,0.184203,0.314904
109,0.183954,0.313704
110,0.183716,0.312523
111,0.183488,0.311362
112,0.18327,0.310219
113,0.183063,0.309095
114,0.182865,0.307988
115,0.182678,0.3069
116,0.182499,0.305828
117,0.18233,0.304773
118,0.18217,0.303735
119,0.182019,0.302713
120,0.181877,0.301706
121,0.181743,0.300715
122,0.181617,0.29974
123,0.1815,0.298779
124,0.181391,0.297833
125,0.18129,0.296901
126,0.181196,0.295983
127,0.18111,0.295079
128,0.181031,0.294188
129,0.18096,0.29331
130,0.180896,0.292446
131,0.180839,0.291594
132,0.180789,0.290755
133,0.180745,0.289928
134,0.180708,0.289113
135,0.180678,0.28831
136,0.180654,0.287518
137,0.180637,0.286738
138,0.180625,0.285969
139,0.18062,0.285211
140,0.18062,0.284464
141,0.180626,0.283728
142,0.180639,0.283002
143,0.180656,0.282286
144,0.180679,0.28158
145,0.180708,0.280885
146,0.180742,0.280199
147,0.180781,0.279522
148,0.180825,0.278855
149,0.180875,0.278197
150,0.180929,0.277549
151,0.180988,0.276909
152,0.181052,0.276278
153,0.181121,0.275656
154,0.181194,0.275042
155,0.181272,0.274437
156,0.181355,0.27384
157,0.181442,0.273251
158,0.181533,0.272671
159,0.181628,0.272098
160,0.181728,0.271533
161,0.181831,0.270975
162,0.181939,0.270425
163,0.182051,0.269883
164,0.182166,0.269348
165,0.182286,0.26882
166,0.182409,0.268299
167,0.182536,0.267785
168,0.182666,0.267278
169,0.182801,0.266777
170,0.182938,0.266284
171,0.18308,0.265797
172,0.183224,0.265316
173,0.183372,0.264842
174,0.183523,0.264374
175,0.183678,0.263913
176,0.183836,0.263457
177,0.183997,0.263008
178,0.184161,0.262565
179,0.184328,0.262127
180,0.184498,0.261695
181,0.184671,0.261269
182,0.184847,0.260849
183,0.185026,0.260434
184,0.185207,0.260025
185,0.185391,0.259621
186,0.185579,0.259222
187,0.185768,0.258829
188,0.185961,0.258441
189,0.186156,0.258058
190,0.186353,0.25768
191,0.186553,0.257307
192,0.186756,0.256939
193,0.186961,0.256576
194,0.187168,0.256218
195,0.187378,0.255864
196,0.18759,0.255515
197,0.187804,0.255171
198,0.18802,0.254831
199,0.188239,0.254496
200,0.18846,0.254165
201,0.188683,0.253839
202,0.188908,0.253517
203,0.189135,0.253199
204,0.189365,0.252886
205,0.189596,0.252576
206,0.189829,0.252271
207,0.190064,0.25197
208,0.190301,0.251673
209,0.19054,0.25138
210,0.190781,0.251091
211,0.191023,0.250806
212,0.191268,0.250524
213,0.191514,0.250247
214,0.191762,0.249973
215,0.192011,0.249703
216,0.192262,0.249436
217,0.192515,0.249173
218,0.19277,0.248914
219,0.193026,0.248658
220,0.193283,0.248406
221,0.193543,0.248157
222,0.193803,0.247912
223,0.194065,0.24767
224,0.194329,0.247431
225,0.194594,0.247195
226,0.194861,0.246963
227,0.195129,0.246734
228,0.195398,0.246509
229,0.195668,0.246286
230,0.19594,0.246066
231,0.196214,0.24585
232,0.196488,0.245637
233,0.196764,0.245426
234,0.197041,0.245219
235,0.197319,0.245015
236,0.197599,0.244813
237,0.197879,0.244614
238,0.198161,0.244419
239,0.198444,0.244226
240,0.198728,0.244036
241,0.199013,0.243848
242,0.199299,0.243663
243,0.199586,0.243481
244,0.199875,0.243302
245,0.200164,0.243125
246,0.200454,0.242951
247,0.200746,0.24278
248,0.201038,0.242611
249,0.201331,0.242445
250,0.201626,0.242281
251,0.201921,0.242119
252,0.202217,0.241961
253,0.202514,0.241804
254,0.202811,0.24165
255,0.20311,0.241498
256,0.203409,0.241349
257,0.20371,0.241202
258,0.204011,0.241057
259,0.204313,0.240915
260,0.204615,0.240774
261,0.204919,0.240636
262,0.205223,0.240501
263,0.205528,0.240367
264,0.205834,0.240236
265,0.20614,0.240107
266,0.206447,0.239979
267,0.206755,0.239854
268,0.207063,0.239731
269,0.207372,0.239611
270,0.207682,0.239492
271,0.207992,0.239375
272,0.208303,0.23926
273,0.208615,0.239147
274,0.208927,0.239036
275,0.20924,0.238928
276,0.209553,0.238821
277,0.209867,0.238715
278,0.210182,0.238612
279,0.210497,0.238511
280,0.210812,0.238411
281,0.211128,0.238314
282,0.211445,0.238218
283,0.211762,0.238124
284,0.212079,0.238032
285,0.212397,0.237941
286,0.212715,0.237852
287,0.213034,0.237765
288,0.213354,0.23768
289,0.213673,0.237596
290,0.213994,0.237514
291,0.214314,0.237434
292,0.214635,0.237356
293,0.214956,0.237279
294,0.215278,0.237203
295,0.2156,0.237129
296,0.215923,0.237057
297,0.216246,0.236987
298,0.216569,0.236918
299,0.216892,0.23685
300,0.217216,0.236784
301,0.21754,0.23672
302,0.217865,0.236657
303,0.21819,0.236595
304,0.218515,0.236535
305,0.21884,0.236477
306,0.219166,0.236419
307,0.219492,0.236364
308,0.219818,0.23631
309,0.220145,0.236257
310,0.220471,0.236205
311,0.220798,0.236155
312,0.221125,0.236106
313,0.221453,0.236059
314,0.22178,0.236013
315,0.222108,0.235968
316,0.222436,0.235925
317,0.222765,0.235883
318,0.223093,0.235842
319,0.223422,0.235803
320,0.223751,0.235765
321,0.22408,0.235728
322,0.224409,0.235692
323,0.224738,0.235658
324,0.225068,0.235625
325,0.225397,0.235593
326,0.225727,0.235562
327,0.226057,0.235532
328,0.226387,0.235504
329,0.226717,0.235477
330,0.227048,0.235451
331,0.227378,0.235426
332,0.227709,0.235402
333,0.228039,0.235379
334,0.22837,0.235358
335,0.228701,0.235337
336,0.229032,0.235318
337,0.229363,0.2353
338,0.229694,0.235283
339,0.230025,0.235267
340,0.230356,0.235252
341,0.230687,0.235238
342,0.231019,0.235225
343,0.23135,0.235214
344,0.231682,0.235203
345,0.232013,0.235193
346,0.232345,0.235184
347,0.232676,0.235177
348,0.233008,0.23517
349,0.23334,0.235164
350,0.233671,0.23516
351,0.234003,0.235156
352,0.234335,0.235153
353,0.234666,0.235151
354,0.234998,0.23515
355,0.23533,0.23515
356,0.235661,0.235151
357,0.235993,0.235153
358,0.236325,0.235156
359,0.236656,0.23516
360,0.236988,0.235164
361,0.23732,0.23517
362,0.237651,0.235176
363,0.237983,0.235183
364,0.238314,0.235192
365,0.238646,0.235201
366,0.238977,0.23521
367,0.239309,0.235221
368,0.23964,0.235233
369,0.239972,0.235245
370,0.240303,0.235258
371,0.240634,0.235272
372,0.240965,0.235287
373,0.241296,0.235303
374,0.241627,0.235319
375,0.241958,0.235337
376,0.242289,0.235355
377,0.24262,0.235374
378,0.242951,0.235393
379,0.243282,0.235414
380,0.243612,0.235435
381,0.243943,0.235457
382,0.244273,0.235479
383,0.244603,0.235503
384,0.244934,0.235527
385,0.245264,0.235552
386,0.245594,0.235577
387,0.245924,0.235603
388,0.246254,0.23563
389,0.246583,0.235658
390,0.246913,0.235687
391,0.247243,0.235716
392,0.247572,0.235746
393,0.247901,0.235776
394,0.24823,0.235807
395,0.248559,0.235839
396,0.248888,0.235872
397,0.249217,0.235905
398,0.249546,0.235939
399,0.249874,0.235973
400,0.250203,0.236008
401,0.250531,0.236044
402,0.250859,0.236081
403,0.251187,0.236118
404,0.251515,0.236156
405,0.251843,0.236194
406,0.252171,0.236233
407,0.252498,0.236272
408,0.252825,0.236313
409,0.253153,0.236353
410,0.25348,0.236395
411,0.253806,0.236437
412,0.254133,0.236479
413,0.25446,0.236522
414,0.254786,0.236566
415,0.255112,0.23661
416,0.255438,0.236655
417,0.255764,0.236701
418,0.25609,0.236747
419,0.256416,0.236793
420,0.256741,0.23684
421,0.257066,0.236888
422,0.257392,0.236936
423,0.257717,0.236985
424,0.258041,0.237034
425,0.258366,0.237084
426,0.25869,0.237134
427,0.259015,0.237185
428,0.259339,0.237237
429,0.259662,0.237288
430,0.259986,0.237341
431,0.26031,0.237394
432,0.260633,0.237447
433,0.260956,0.237501
434,0.261279,0.237556
435,0.261602,0.23761
436,0.261925,0.237666
437,0.262247,0.237722
438,0.262569,0.237778
439,0.262891,0.237835
440,0.263213,0.237892
441,0.263535,0.23795
442,0.263856,0.238008
443,0.264178,0.238067
444,0.264499,0.238126
445,0.264819,0.238186
446,0.26514,0.238246
447,0.265461,0.238306
448,0.265781,0.238367
449,0.266101,0.238429
450,0.266421,0.238491
451,0.266741,0.238553
452,0.26706,0.238616
453,0.267379,0.238679
454,0.267698,0.238742
455,0.268017,0.238806
456,0.268336,0.238871
457,0.268654,0.238936
458,0.268973,0.239001
459,0.269291,0.239066
460,0.269609,0.239132
461,0.269926,0.239199
462,0.270244,0.239266
463,0.270561,0.239333
464,0.270878,0.239401
465,0.271195,0.239469
466,0.271511,0.239537
467,0.271828,0.239606
468,0.272144,0.239675
469,0.27246,0.239745
470,0.272775,0.239815
471,0.273091,0.239885
472,0.273406,0.239956
473,0.273721,0.240027
474,0.274036,0.240098
475,0.274351,0.24017
476,0.274665,0.240242
477,0.274979,0.240315
478,0.275293,0.240387
479,0.275607,0.240461
480,0.275921,0.240534
481,0.276234,0.240608
482,0.276547,0.240682
483,0.27686,0.240757
484,0.277173,0.240832
485,0.277485,0.240907
486,0.277797,0.240983
487,0.278109,0.241059
488,0.278421,0.241135
489,0.278733,0.241211
490,0.279044,0.241288
491,0.279355,0.241365
492,0.279666,0.241443
493,0.279977,0.241521
494,0.280287,0.241599
495,0.280597,0.241677
496,0.280907,0.241756
497,0.281217,0.241835
498,0.281526,0.241915
499,0.281836,0.241994
500,0.282145,0.242074
501,0.282454,0.242155
502,0.282762,0.242235
503,0.283071,0.242316
504,0.283379,0.242397
505,0.283687,0.242479
506,0.283994,0.24256
507,0.284302,0.242643
508,0.284609,0.242725
509,0.284916,0.242807
510,0.285223,0.24289
511,0.285529,0.242973
512,0.285836,0.243057
513,0.286142,0.243141
514,0.286448,0.243224
515,0.286753,0.243309
516,0.287059,0.243393
517,0.287364,0.243478
518,0.287669,0.243563
519,0.287973,0.243648
520,0.288278,0.243734
521,0.288582,0.24382
522,0.288886,0.243906
523,0.28919,0.243992
524,0.289494,0.244078
525,0.289797,0.244165
526,0.2901,0.244252
527,0.290403,0.24434
528,0.290706,0.244427
529,0.291008,0.244515
530,0.29131,0.244603
531,0.291612,0.244691
532,0.291914,0.24478
533,0.292215,0.244868
534,0.292516,0.244957
535,0.292817,0.245046
536,0.293118,0.245136
537,0.293419,0.245225
538,0.293719,0.245315
539,0.294019,0.245405
540,0.294319,0.245496
541,0.294619,0.245586
542,0.294918,0.245677
543,0.295217,0.245768
544,0.295516,0.245859
545,0.295815,0.245951
546,0.296113,0.246042
547,0.296412,0.246134
548,0.29671,0.246226
549,0.297007,0.246318
550,0.297305,0.246411
551,0.297602,0.246503
552,0.297899,0.246596
553,0.298196,0.246689
554,0.298493,0.246782
555,0.298789,0.246876
556,0.299085,0.246969
557,0.299381,0.247063
558,0.299677,0.247157
559,0.299973,0.247252
560,0.300268,0.247346
561,0.300563,0.247441
562,0.300858,0.247535
563,0.301152,0.24763
564,0.301446,0.247725
565,0.301741,0.247821
566,0.302034,0.247916
567,0.302328,0.248012
568,0.302621,0.248108
569,0.302915,0.248204
570,0.303208,0.2483
571,0.3035,0.248397
572,0.303793,0.248493
573,0.304085,0.24859
574,0.304377,0.248687
575,0.304669,0.248784
576,0.30496,0.248881
577,0.305252,0.248979
578,0.305543,0.249076
579,0.305834,0.249174
580,0.306124,0.249272
581,0.306415,0.24937
582,0.306705,0.249468
583,0.306995,0.249567
584,0.307285,0.249665
585,0.307574,0.249764
586,0.307864,0.249863
587,0.308153,0.249962
588,0.308442,0.250061
589,0.30873,0.250161
590,0.309019,0.25026
591,0.309307,0.25036
592,0.309595,0.25046
593,0.309883,0.25056
594,0.31017,0.25066
595,0.310457,0.25076
596,0.310744,0.25086
597,0.311031,0.250961
598,0.311318,0.251062
599,0.311604,0.251162
600,0.31189,0.251263
601,0.312176,0.251365
602,0.312462,0.251466
603,0.312748,0.251567
604,0.313033,0.251669
605,0.313318,0.25177
606,0.313603,0.251872
607,0.313887,0.251974
608,0.314172,0.252076
609,0.314456,0.252178
610,0.31474,0.252281
611,0.315024,0.252383
612,0.315307,0.252486
613,0.31559,0.252588
614,0.315873,0.252691
615,0.316156,0.252794
616,0.316439,0.252897
617,0.316721,0.253001
618,0.317003,0.253104
619,0.317285,0.253207
620,0.317567,0.253311
621,0.317849,0.253415
622,0.31813,0.253518
623,0.318411,0.253622
624,0.318692,0.253726
625,0.318973,0.253831
626,0.319253,0.253935
627,0.319533,0.254039
628,0.319813,0.254144
629,0.320093,0.254248
630,0.320373,0.254353
631,0.320652,0.254458
632,0.320931,0.254563
633,0.32121,0.254668
634,0.321489,0.254773
635,0.321767,0.254879
636,0.322045,0.254984
637,0.322323,0.255089
638,0.322601,0.255195
639,0.322879,0.255301
640,0.323156,0.255407
641,0.323434,0.255512
642,0.323711,0.255618
643,0.323987,0.255725
644,0.324264,0.255831
645,0.32454,0.255937
646,0.324816,0.256044
647,0.325092,0.25615
648,0.325368,0.256257
649,0.325644,0.256363
650,0.325919,0.25647
651,0.326194,0.256577
652,0.326469,0.256684
653,0.326744,0.256791
654,0.327018,0.256898
655,0.327292,0.257006
656,0.327566,0.257113
657,0.32784,0.25722
658,0.328114,0.257328
659,0.328387,0.257435
660,0.32866,0.257543
661,0.328933,0.257651
662,0.329206,0.257759
663,0.329479,0.257867
664,0.329751,0.257975
665,0.330023,0.258083
666,0.330295,0.258191
667,0.330567,0.2583
668,0.330839,0.258408
669,0.33111,0.258516
670,0.331381,0.258625
671,0.331652,0.258734
672,0.331923,0.258842
673,0.332193,0.258951
674,0.332464,0.25906
675,0.332734,0.259169
676,0.333004,0.259278
677,0.333273,0.259387
678,0.333543,0.259496
679,0.333812,0.259605
680,0.334081,0.259715
681,0.33435,0.259824
682,0.334619,0.259934
683,0.334888,0.260043
684,0.335156,0.260153
685,0.335424,0.260263
686,0.335692,0.260372
687,0.33596,0.260482
688,0.336227,0.260592
689,0.336494,0.260702
690,0.336762,0.260812
691,0.337028,0.260922
692,0.337295,0.261032
693,0.337562,0.261143
694,0.337828,0.261253
695,0.338094,0.261363
696,0.33836,0.261474
697,0.338626,0.261584
698,0.338891,0.261695
699,0.339157,0.261805
700,0.339422,0.261916
701,0.339687,0.262027
702,0.339951,0.262138
703,0.340216,0.262248
704,0.34048,0.262359
705,0.340745,0.26247
706,0.341009,0.262581
707,0.341272,0.262693
708,0.341536,0.262804
709,0.341799,0.262915
710,0.342062,0.263026
711,0.342325,0.263138
712,0.342588,0.263249
713,0.342851,0.26336
714,0.343113,0.263472
715,0.343376,0.263584
716,0.343638,0.263695
717,0.343899,0.263807
718,0.344161,0.263919
719,0.344423,0.26403
720,0.344684,0.264142
721,0.344945,0.264254
722,0.345206,0.264366
723,0.345467,0.264478
724,0.345727,0.26459
725,0.345987,0.264702
726,0.346248,0.264814
727,0.346508,0.264927
728,0.346767,0.265039
729,0.347027,0.265151
730,0.347286,0.265263
731,0.347545,0.265376
732,0.347805,0.265488
733,0.348063,0.265601
734,0.348322,0.265713
735,0.34858,0.265826
736,0.348839,0.265938
737,0.349097,0.266051
738,0.349355,0.266164
739,0.349612,0.266276
740,0.34987,0.266389
741,0.350127,0.266502
742,0.350385,0.266615
743,0.350642,0.266728
744,0.350898,0.266841
745,0.351155,0.266954
746,0.351411,0.267067
747,0.351668,0.26718
748,0.351924,0.267293
749,0.35218,0.267406
750,0.352435,0.267519
751,0.352691,0.267633
752,0.352946,0.267746
753,0.353201,0.267859
754,0.353456,0.267973
755,0.353711,0.268086
756,0.353966,0.268199
757,0.35422,0.268313
758,0.354475,0.268426
759,0.354729,0.26854
760,0.354983,0.268654
761,0.355236,0.268767
762,0.35549,0.268881
763,0.355743,0.268994
764,0.355997,0.269108
765,0.35625,0.269222
766,0.356503,0.269336
767,0.356755,0.26945
768,0.357008,0.269563
769,0.35726,0.269677
770,0.357512,0.269791
771,0.357764,0.269905
772,0.358016,0.270019
773,0.358268,0.270133
774,0.358519,0.270247
775,0.35877,0.270361
776,0.359021,0.270475
777,0.359272,0.270589
778,0.359523,0.270704
779,0.359774,0.270818
780,0.360024,0.270932
781,0.360274,0.271046
782,0.360525,0.27116
783,0.360774,0.271275
784,0.361024,0.271389
785,0.361274,0.271503
786,0.361523,0.271618
787,0.361772,0.271732
788,0.362021,0.271847
789,0.36227,0.271961
790,0.362519,0.272075
791,0.362768,0.27219
792,0.363016,0.272304
793,0.363264,0.272419
794,0.363512,0.272534
795,0.36376,0.272648
796,0.364008,0.272763
797,0.364255,0.272877
798,0.364503,0.272992
799,0.36475,0.273107
800,0.364997,0.273222
801,0.365244,0.273336
802,0.36549,0.273451
803,0.365737,0.273566
804,0.365983,0.273681
805,0.36623,0.273795
806,0.366476,0.27391
807,0.366721,0.274025
808,0.366967,0.27414
809,0.367213,0.274255
810,0.367458,0.27437
811,0.367703,0.274485
812,0.367948,0.2746
813,0.368193,0.274715
814,0.368438,0.27483
815,0.368683,0.274945
816,0.368927,0.27506
817,0.369171,0.275175
818,0.369415,0.27529
819,0.369659,0.275405
820,0.369903,0.27552
821,0.370146,0.275635
822,0.37039,0.27575
823,0.370633,0.275865
824,0.370876,0.27598
825,0.371119,0.276096
826,0.371362,0.276211
827,0.371605,0.276326
828,0.371847,0.276441
829,0.372089,0.276556
830,0.372332,0.276672
831,0.372574,0.276787
832,0.372815,0.276902
833,0.373057,0.277018
834,0.373299,0.277133
835,0.37354,0.277248
836,0.373781,0.277363
837,0.374022,0.277479
838,0.374263,0.277594
839,0.374504,0.27771
840,0.374744,0.277825
841,0.374985,0.27794
842,0.375225,0.278056
843,0.375465,0.278171
844,0.375705,0.278286
845,0.375945,0.278402
846,0.376185,0.278517
847,0.376424,0.278633
848,0.376663,0.278748
849,0.376903,0.278864
850,0.377142,0.278979
851,0.377381,0.279095
852,0.377619,0.27921
853,0.377858,0.279326
854,0.378096,0.279441
855,0.378335,0.279557
856,0.378573,0.279672
857,0.378811,0.279788
858,0.379048,0.279903
859,0.379286,0.280019
860,0.379524,0.280135
861,0.379761,0.28025
862,0.379998,0.280366
863,0.380235,0.280481
864,0.380472,0.280597
865,0.380709,0.280712
866,0.380946,0.280828
867,0.381182,0.280944
868,0.381418,0.281059
869,0.381654,0.281175
870,0.38189,0.281291
871,0.382126,0.281406
872,0.382362,0.281522
873,0.382598,0.281637
874,0.382833,0.281753
875,0.383068,0.281869
876,0.383303,0.281984
877,0.383538,0.2821
878,0.383773,0.282216
879,0.384008,0.282331
880,0.384243,0.282447
881,0.384477,0.282563
882,0.384711,0.282678
883,0.384945,0.282794
884,0.385179,0.28291
885,0.385413,0.283026
886,0.385647,0.283141
887,0.38588,0.283257
888,0.386114,0.283373
889,0.386347,0.283488
890,0.38658,0.283604
891,0.386813,0.28372
892,0.387046,0.283835
893,0.387278,0.283951
894,0.387511,0.284067
895,0.387743,0.284183
896,0.387975,0.284298
897,0.388208,0.284414
898,0.38844,0.28453
899,0.388671,0.284645
900,0.388903,0.284761
901,0.389135,0.284877
902,0.389366,0.284993
903,0.389597,0.285108
904,0.389828,0.285224
905,0.390059,0.28534
906,0.39029,0.285455
907,0.390521,0.285571
908,0.390751,0.285687
909,0.390982,0.285803
910,0.391212,0.285918
911,0.391442,0.286034
912,0.391672,0.28615
913,0.391902,0.286265
914,0.392132,0.286381
915,0.392361,0.286497
916,0.392591,0.286612
917,0.39282,0.286728
918,0.393049,0.286844
919,0.393278,0.28696
920,0.393507,0.287075
921,0.393736,0.287191
922,0.393964,0.287307
923,0.394193,0.287422
924,0.394421,0.287538
925,0.394649,0.287654
926,0.394877,0.287769
927,0.395105,0.287885
928,0.395333,0.288001
929,0.395561,0.288116
930,0.395788,0.288232
931,0.396016,0.288348
932,0.396243,0.288463
933,0.39647,0.288579
934,0.396697,0.288694
935,0.396924,0.28881
936,0.397151,0.288926
937,0.397377,0.289041
938,0.397604,0.289157
939,0.39783,0.289273
940,0.398056,0.289388
941,0.398282,0.289504
942,0.398508,0.289619
943,0.398734,0.289735
944,0.39896,0.289851
945,0.399185,0.289966
946,0.399411,0.290082
947,0.399636,0.290197
948,0.399861,0.290313
949,0.400086,0.290428
950,0.400311,0.290544
951,0.400536,0.290659
952,0.40076,0.290775
953,0.400985,0.290891
954,0.401209,0.291006
955,0.401433,0.291122
956,0.401657,0.291237
957,0.401881,0.291353
958,0.402105,0.291468
959,0.402329,0.291584
960,0.402552,0.291699
961,0.402776,0.291815
962,0.402999,0.29193
963,0.403222,0.292045
964,0.403445,0.292161
965,0.403668,0.292276
966,0.403891,0.292392
967,0.404114,0.292507
968,0.404336,0.292623
969,0.404559,0.292738
970,0.404781,0.292853
971,0.405003,0.292969
972,0.405225,0.293084
973,0.405447,0.293199
974,0.405669,0.293315
975,0.405891,0.29343
976,0.406112,0.293546
977,0.406334,0.293661
978,0.406555,0.293776
979,0.406776,0.293892
980,0.406997,0.294007
981,0.407218,0.294122
982,0.407439,0.294237
983,0.40766,0.294353
984,0.40788,0.294468
985,0.408101,0.294583
986,0.408321,0.294698
987,0.408541,0.294814
988,0.408761,0.294929
989,0.408981,0.295044
990,0.409201,0.295159
991,0.409421,0.295274
992,0.40964,0.29539
993,0.40986,0.295505
994,0.410079,0.29562
995,0.410298,0.295735
996,0.410517,0.29585
997,0.410736,0.295965
998,0.410955,0.29608
999,0.411174,0.296196
